64000001
64000002
64000003
64000004
64000005
64000006
64000007
64000008
64000009
64000010
64000011
64000012
64000013
64000014
64000015
64000016
64000017
64000018
64000019
64000020
64000021
64000022
64000023
64000024
64000025
64000026
64000027
64000028
64000029
64000030
64000031
64000032
64000033
64000034
64000035
64000036
64000037
64000038
64000039
64000040
64000041
64000042
64000043
64000044
64000045
64000046
64000047
64000048
64000049
64000050
64000051
64000052
64000053
64000054
64000055
64000056
64000057
64000058
64000060
64000061
64000062
64000063
64000064
64000065
64000066
64000067
64000068
64000069
64000070
64000071
64000072
64000073
64000074
64000075
64000076
64000077
64000078
64000079
64000080
64000081
64000082
64000083
64000084
64000085
64000086
64000087
64000088
64000089
64000090
64000091
64000092
64000093
64000094
64000095
64000096
64000097
64000098
64000099
64000100
64000101
64000102
64000103
64000104
64000105
64000106
64000107
64000108
64000109
64000110
64000111
64000112
64000113
64000114
64000115
64000116
64000117
64000118
64000119
64000120
64000121
64000122
64000123
64000124
64000125
64000126
64000127
64000128
64000129
64000130
64000131
64000132
64000133
64000134
64000135
64000136
64000137
64000138
64000139
64000140
64000141
64000142
64000143
64000144
64000145
64000146
64000147
64000148
64000149
64000150
64000151
64000152
64000153
64000154
64000155
64000156
64000157
64000158
64000159
64000160
64000161
64000162
64000163
64000164
64000165
64000166
64000167
64000168
64000169
64000170
64000171
64000172
64000173
64000174
64000175
64000176
64000177
64000178
64000179
64000180
64000181
64000182
64000183
64000184
64000185
64000186
64000187
64000188
64000189
64000190
64000191
64000192
64000193
64000194
64000195
64000196
64000197
64000198
64000199
64000200
64000201
64000202
64000203
64000204
64000205
64000206
64000207
64000208
64000209
64000210
64000211
64000212
64000213
64000214
64000215
64000216
64000217
64000218
64000219
64000220
64000221
64000222
64000223
64000224
64000225
64000226
64000227
64000228
64000229
64000230
64000231
64000232
64000233
64000234
64000235
64000236
64000237
64000238
64000239
64000240
64000241
64000242
64000243
64000244
64000245
64000246
64000247
64000248
64000249
64000250
64000251
64000252
64000253
64000254
64000255
64000256
64000257
64000258
64000259
64000260
64000261
64000262
64000263
64000264
64000265
64000266
64000267
64000268
64000269
64000270
64000271
64000272
64000273
64000274
64000275
64000276
64000277
64000278
64000279
64000280
64000281
64000282
64000283
64000284
64000285
64000286
64000287
64000288
64000289
64000290
64000291
64000292
64000293
64000294
64000295
64000296
64000297
64000298
64000299
64000300
64000301
64000302
64000303
64000304
64000305
64000306
64000307
64000308
64000309
64000310
64000311
64000312
64000313
64000314
64000315
64000316
64000317
64000318
64000319
64000320
64000321
64000322
64000323
64000324
64000325
64000326
64000327
64000328
64000329
64000330
64000331
64000332
64000333
64000334
64000335
64000336
64000337
64000338
64000339
64000340
64000341
64000342
64000343
64000344
64000345
64000346
64000347
64000348
64000349
64000350
64000351
64000352
64000353
64000354
64000355
64000356
64000357
64000358
64000359
64000360
64000361
64000362
64000363
64000364
64000365
64000366
64000367
64000368
64000369
64000370
64000371
64000372
64000373
64000374
64000375
64000376
64000377
64000378
64000379
64000380
64000381
64000382
64000383
64000384
64000385
64000386
64000387
64000388
64000389
64000390
64000391
64000392
64000393
64000394
64000395
64000396
64000397
64000398
64000399
64000400
64000401
64000402
64000403
64000404
64000405
64000406
64000407
64000408
64000409
64000410
64000411
64000412
64000413
64000414
64000415
64000416
64000417
64000418
64000419
64000420
64000421
64000422
64000423
64000424
64000425
64000426
64000427
64000428
64000429
64000430
64000431
64000432
64000433
64000434
64000435
64000436
64000437
64000438
64000439
64000440
64000441
64000442
64000443
64000444
64000445
64000446
64000447
64000448
64000449
64000450
64000451
64000452
64000453
64000454
64000455
64000456
64000457
64000458
64000459
64000460
64000461
64000462
64000463
64000464
64000465
64000466
64000467
64000468
64000469
64000470
64000471
64000472
64000473
64000474
64000475
64000476
64000477
64000478
64000479
64000480
64000481
64000482
64000483
64000484
64000485
64000486
64000487
64000488
64000489
64000490
64000491
64000492
64000493
64000494
64000495
64000496
64000497
64000498
64000499
64000500
64000501
64000502
64000503
64000504
64000505
64000506
64000507
64000508
64000509
64000510
64000511
64000512
64000513
64000514
64000515
64000516
64000517
64000518
64000519
64000520
64000521
64000522
64000523
64000524
64000525
64000526
64000527
64000528
64000529
64000530
64000531
64000532
64000533
64000534
64000535
64000536
64000537
64000538
64000539
64000540
64000541
64000542
64000543
64000544
64000545
64000546
64000547
64000548
64000549
64000550
64000551
64000552
64000553
64000554
64000555
64000556
64000557
64000558
64000559
64000560
64000562
64000563
64000564
64000565
64000566
64000567
64000568
64000569
64000570
64000571
64000572
64000573
64000574
64000575
64000576
64000577
64000578
64000579
64000580
64000581
64000582
64000583
64000584
64000585
64000586
64000587
64000588
64000589
64000590
64000591
64000592
64000593
64000594
64000595
64000596
64000597
64000598
64000599
64000600
64000601
64000602
64000603
64000604
64000605
64000606
64000607
64000608
64000609
64000610
64000611
64000612
64000613
64000614
64000615
64000616
64000617
64000618
64000619
64000620
64000621
64000622
64000623
64000624
64000625
64000626
64000627
64000628
64000629
64000630
64000631
64000632
64000633
64000634
64000635
64000636
64000637
64000638
64000639
64000640
64000641
64000642
64000643
64000644
64000645
64000646
64000647
64000648
64000649
64000650
64000651
64000652
64000653
64000654
64000655
64000656
64000657
64000658
64000659
64000660
64000661
64000662
64000663
64000664
64000665
64000666
64000667
64000668
64000669
64000670
64000671
64000672
64000673
64000674
64000675
64000676
64000677
64000678
64000679
64000680
64000681
64000682
64000683
64000684
64000685
64000686
64000687
64000688
64000689
64000690
64000691
64000692
64000693
64000694
64000695
64000696
64000697
64000698
64000699
64000700
64000701
64000702
64000703
64000704
64000705
64000706
64000707
64000708
64000709
64000710
64000711
64000712
64000713
64000714
64000715
64000716
64000717
64000718
64000719
64000720
64000721
64000722
64000723
64000724
64000725
64000726
64000727
64000728
64000729
64000730
64000731
64000732
64000733
64000734
64000735
64000736
64000737
64000738
64000739
64000740
64000741
64000742
64000743
64000744
64000745
64000746
64000747
64000748
64000749
64000750
64000751
64000752
64000753
64000754
64000755
64000756
64000757
64000758
64000759
64000760
64000761
64000762
64000763
64000764
64000765
64000766
64000767
64000768
64000769
64000770
64000771
64000772
64000773
64000774
64000775
64000776
64000777
64000778
64000779
64000780
64000781
64000782
64000783
64000784
64000785
64000786
64000787
64000788
64000789
64000790
64000791
64000792
64000793
64000794
64000795
64000796
64000797
64000798
64000799
64000800
64000801
64000802
64000803
64000804
64000805
64000806
64000807
64000808
64000809
64000810
64000811
64000812
64000813
64000814
64000815
64000816
64000817
64000818
64000819
64000820
64000821
64000822
64000823
64000824
64000825
64000826
64000827
64000828
64000829
64000830
64000831
64000832
64000833
64000834
64000835
64000836
64000837
64000838
64000839
64000840
64000841
64000842
64000843
64000844
64000845
64000846
64000847
64000848
64000849
64000850
64000851
64000852
64000853
64000854
64000855
64000856
64000857
64000858
64000859
64000860
64000861
64000862
64000863
64000864
64000865
64000866
64000867
64000868
64000869
64000870
64000871
64000872
64000873
64000874
64000875
64000876
64000877
64000878
64000879
64000880
64000881
64000882
64000883
64000884
64000885
64000886
64000887
64000888
64000889
64000890
64000891
64000892
64000893
64000894
64000895
64000896
64000897
64000898
64000899
64000900
64000901
64000902
64000903
64000904
64000905
64000906
64000907
64000908
64000909
64000910
64000911
64000912
64000913
64000914
64000915
64000916
64000917
64000918
64000919
64000920
64000921
64000922
64000923
64000924
64000925
64000926
64000927
64000928
64000929
64000930
64000931
64000932
64000933
64000934
64000935
64000936
64000937
64000938
64000939
64000940
64000941
64000942
64000943
64000944
64000945
64000946
64000947
64000948
64000949
64000950
64000951
64000952
64000953
64000954
64000955
64000956
64000957
64000958
64000959
64000960
64000961
64000962
64000963
64000964
64000965
64000966
64000967
64000968
64000969
64000970
64000971
64000972
64000973
64000974
64000975
64000976
64000977
64000978
64000979
64000980
64000981
64000982
64000983
64000984
64000985
64000986
64000987
64000988
64000989
64000990
64000991
64000992
64000993
64000994
64000995
64000996
64000997
64000998
64000999
64001000
64001001
64001002
64001003
64001004
64001005
64001006
64001007
64001008
64001009
64001010
64001011
64001012
64001013
64001014
64001015
64001016
64001017
64001018
64001019
64001020
64001021
64001022
64001023
64001024
64001025
64001026
64001027
64001028
64001029
64001030
64001031
64001032
64001033
64001034
64001035
64001036
64001037
64001038
64001039
64001040
64001041
64001042
64001043
64001044
64001045
64001046
64001047
64001048
64001049
64001050
64001051
64001052
64001053
64001054
64001055
64001056
64001057
64001058
64001059
64001060
64001061
64001062
64001063
64001064
64001065
64001066
64001067
64001068
64001069
64001070
64001071
64001072
64001073
64001074
64001075
64001076
64001077
64001078
64001079
64001080
64001081
64001082
64001083
64001084
64001085
64001086
64001087
64001088
64001089
64001090
64001091
64001092
64001093
64001094
64001095
64001096
64001097
64001098
64001099
64001100
64001101
64001102
64001103
64001104
64001105
64001106
64001107
64001108
64001109
64001110
64001111
64001112
64001113
64001114
64001115
64001116
64001117
64001118
64001119
64001120
64001121
64001122
64001123
64001124
64001125
64001126
64001127
64001128
64001129
64001130
64001131
64001132
64001133
64001134
64001135
64001136
64001137
64001138
64001139
64001140
64001141
64001142
64001143
64001144
64001145
64001146
64001147
64001148
64001149
64001150
64001151
64001152
64001153
64001154
64001155
64001156
64001157
64001158
64001159
64001160
64001161
64001162
64001163
64001164
64001165
64001166
64001167
64001168
64001169
64001170
64001171
64001172
64001173
64001174
64001175
64001176
64001177
64001178
64001179
64001180
64001181
64001182
64001183
64001184
64001185
64001186
64001187
64001188
64001189
64001190
64001191
64001192
64001193
64001194
64001195
64001196
64001197
64001198
64001199
64001200
64001201
64001202
64001203
64001204
64001205
64001206
64001207
64001208
64001209
64001210
64001211
64001212
64001213
64001214
64001215
64001216
64001217
64001218
64001219
64001220
64001221
64001222
64001223
64001224
64001225
64001226
64001227
64001228
64001229
64001230
64001231
64001232
64001233
64001234
64001235
64001236
64001237
64001238
64001239
64001240
64001241
64001242
64001243
64001244
64001245
64001246
64001247
64001248
64001249
64001250
64001251
64001252
64001253
64001254
64001255
64001256
64001257
64001258
64001259
64001260
64001261
64001262
64001263
64001264
64001265
64001266
64001267
64001268
64001269
64001270
64001271
64001272
64001273
64001274
64001275
64001276
64001277
64001278
64001279
64001280
64001281
64001282
64001283
64001284
64001285
64001286
64001287
64001288
64001289
64001290
64001291
64001292
64001293
64001294
64001295
64001296
64001297
64001298
64001299
64001300
64001301
64001302
64001303
64001304
64001305
64001306
64001307
64001308
64001309
64001310
64001311
64001312
64001313
64001314
64001315
64001316
64001317
64001318
64001319
64001320
64001321
64001322
64001323
64001324
64001325
64001326
64001327
64001328
64001329
64001330
64001331
64001332
64001333
64001334
64001335
64001336
64001337
64001338
64001339
64001340
64001341
64001342
64001343
64001344
64001345
64001346
64001347
64001348
64001349
64001350
64001351
64001352
64001353
64001354
64001355
64001356
64001357
64001358
64001359
64001360
64001361
64001362
64001363
64001364
64001365
64001366
64001367
64001368
64001369
64001370
64001371
64001372
64001373
64001374
64001375
64001376
64001377
64001378
64001379
64001380
64001381
64001382
64001383
64001384
64001385
64001386
64001387
64001388
64001389
64001390
64001391
64001392
64001393
64001394
64001395
64001396
64001397
64001398
64001399
64001400
64001401
64001402
64001403
64001404
64001405
64001406
64001407
64001408
64001409
64001410
64001411
64001412
64001413
64001414
64001415
64001416
64001417
64001418
64001419
64001420
64001421
64001422
64001423
64001424
64001425
64001426
64001427
64001428
64001429
64001430
64001431
64001432
64001433
64001434
64001435
64001436
64001437
64001438
64001439
64001440
64001441
64001442
64001443
64001444
64001445
64001446
64001447
64001448
64001449
64001450
64001451
64001452
64001453
64001454
64001455
64001456
64001457
64001458
64001459
64001460
64001461
64001462
64001463
64001464
64001465
64001466
64001467
64001468
64001469
64001470
64001471
64001472
64001473
64001474
64001475
64001476
64001477
64001478
64001479
64001480
64001481
64001482
64001483
64001484
64001485
64001486
64001487
64001488
64001489
64001490
64001491
64001492
64001493
64001494
64001495
64001496
64001497
64001498
64001499
64001500
64001501
64001502
64001503
64001504
64001505
64001506
64001507
64001508
64001509
64001510
64001511
64001512
64001513
64001514
64001515
64001516
64001517
64001518
64001519
64001520
64001521
64001522
64001523
64001524
64001525
64001526
64001527
64001528
64001529
64001530
64001531
64001532
64001533
64001534
64001535
64001536
64001537
64001538
64001539
64001540
64001541
64001542
64001543
64001544
64001545
64001546
64001547
64001548
64001549
64001550
64001551
64001552
64001553
64001554
64001555
64001556
64001557
64001558
64001559
64001560
64001561
64001562
64001563
64001564
64001565
64001566
64001567
64001568
64001569
64001570
64001571
64001572
64001573
64001574
64001575
64001576
64001577
64001578
64001579
64001580
64001581
64001582
64001583
64001584
64001585
64001586
64001587
64001588
64001589
64001590
64001591
64001592
64001593
64001594
64001595
64001596
64001597
64001598
64001599
64001600
64001601
64001602
64001603
64001604
64001605
64001606
64001607
64001608
64001609
64001610
64001611
64001612
64001613
64001614
64001615
64001616
64001617
64001618
64001619
64001620
64001621
64001622
64001623
64001624
64001625
64001626
64001627
64001628
64001629
64001630
64001631
64001632
64001633
64001634
64001635
64001636
64001637
64001638
64001639
64001640
64001641
64001642
64001643
64001644
64001645
64001646
64001647
64001648
64001649
64001650
64001651
64001652
64001653
64001654
64001655
64001656
64001657
64001658
64001659
64001660
64001661
64001662
64001663
64001664
64001665
64001666
64001667
64001668
64001669
64001670
64001671
64001672
64001673
64001674
64001675
64001676
64001677
64001678
64001679
64001680
64001681
64001682
64001683
64001684
64001685
64001686
64001687
64001688
64001689
64001690
64001691
64001692
64001693
64001694
64001695
64001696
64001697
64001698
64001699
64001700
64001701
64001702
64001703
64001704
64001705
64001706
64001707
64001708
64001709
64001710
64001711
64001712
64001713
64001714
64001715
64001716
64001717
64001718
64001719
64001720
64001721
64001722
64001723
64001724
64001725
64001726
64001727
64001728
64001729
64001730
64001731
64001732
64001733
64001734
64001735
64001736
64001737
64001738
64001739
64001740
64001741
64001742
64001743
64001744
64001745
64001746
64001747
64001748
64001749
64001750
64001751
64001752
64001753
64001754
64001755
64001756
64001757
64001758
64001759
64001760
64001761
64001762
64001763
64001764
64001765
64001766
64001767
64001768
64001769
64001770
64001771
64001772
64001773
64001774
64001775
64001776
64001777
64001778
64001779
64001780
64001781
64001782
64001783
64001784
64001785
64001786
64001787
64001788
64001789
64001790
64001791
64001792
64001793
64001794
64001795
64001796
64001797
64001798
64001799
64001800
64001801
64001802
64001803
64001804
64001805
64001806
64001807
64001808
64001809
64001810
64001811
64001812
64001813
64001814
64001815
64001816
64001817
64001818
64001819
64001820
64001821
64001822
64001823
64001824
64001825
64001826
64001827
64001828
64001829
64001830
64001831
64001832
64001833
64001834
64001835
64001836
64001837
64001838
64001839
64001840
64001841
64001842
64001843
64001844
64001845
64001846
64001847
64001848
64001849
64001850
64001851
64001852
64001853
64001854
64001855
64001856
64001857
64001858
64001859
64001860
64001861
64001862
64001863
64001864
64001865
64001866
64001867
64001868
64001869
64001870
64001871
64001872
64001873
64001874
64001875
64001876
64001877
64001878
64001879
64001880
64001881
64001882
64001883
64001884
64001885
64001886
64001887
64001888
64001889
64001890
64001891
64001892
64001893
64001894
64001895
64001896
64001897
64001898
64001899
64001900
64001901
64001902
64001903
64001904
64001905
64001906
64001907
64001908
64001909
64001910
64001911
64001912
64001913
64001914
64001915
64001916
64001917
64001918
64001919
64001920
64001921
64001922
64001923
64001924
64001925
64001926
64001927
64001928
64001929
64001930
64001931
64001932
64001933
64001934
64001935
64001936
64001937
64001938
64001939
64001940
64001941
64001942
64001943
64001944
64001945
64001946
64001947
64001948
64001949
64001951
64001952
64001953
64001954
64001955
64001956
64001957
64001958
64001959
64001960
64001961
64001962
64001963
64001964
64001965
64001966
64001967
64001968
64001969
64001970
64001971
64001972
64001973
64001974
64001975
64001976
64001977
64001978
64001979
64001980
64001981
64001982
64001983
64001984
64001985
64001986
64001987
64001988
64001989
64001990
64001991
64001992
64001993
64001994
64001995
64001996
64001997
64001998
64001999
64002000
64002001
64002002
64002003
64002004
64002005
64002006
64002007
64002008
64002009
64002010
64002011
64002012
64002013
64002014
64002015
64002016
64002017
64002018
64002019
64002020
64002021
64002022
64002023
64002024
64002025
64002026
64002027
64002028
64002029
64002030
64002031
64002032
64002033
64002034
64002035
64002036
64002037
64002038
64002039
64002040
64002041
64002042
64002043
64002044
64002045
64002046
64002047
64002048
64002049
64002050
64002051
64002052
64002053
64002054
64002055
64002056
64002057
64002058
64002059
64002060
64002061
64002062
64002063
64002064
64002065
64002066
64002067
64002068
64002069
64002070
64002071
64002072
64002073
64002074
64002075
64002076
64002077
64002078
64002079
64002080
64002081
64002082
64002083
64002084
64002085
64002086
64002087
64002088
64002089
64002090
64002091
64002092
64002093
64002094
64002095
64002096
64002097
64002098
64002099
64002100
64002101
64002102
64002103
64002104
64002105
64002106
64002107
64002108
64002109
64002110
64002111
64002112
64002113
64002114
64002115
64002116
64002117
64002118
64002119
64002120
64002121
64002122
64002123
64002124
64002125
64002126
64002127
64002128
64002129
64002130
64002131
64002132
64002133
64002134
64002135
64002136
64002137
64002138
64002139
64002140
64002141
64002142
64002143
64002144
64002145
64002146
64002147
64002148
64002149
64002150
64002151
64002152
64002153
64002154
64002155
64002156
64002157
64002158
64002159
64002160
64002161
64002162
64002163
64002164
64002165
64002166
64002167
64002168
64002169
64002170
64002171
64002172
64002173
64002174
64002175
64002176
64002177
64002178
64002179
64002180
64002181
64002182
64002183
64002184
64002185
64002186
64002187
64002188
64002189
64002190
64002191
64002192
64002193
64002194
64002195
64002196
64002197
64002198
64002199
64002200
64002201
64002202
64002203
64002204
64002205
64002206
64002207
64002208
64002209
64002210
64002211
64002212
64002213
64002214
64002215
64002216
64002217
64002218
64002219
64002220
64002221
64002223
64002224
64002225
64002226
64002227
64002228
64002229
64002230
64002231
64002232
64002233
64002234
64002235
64002236
64002237
64002238
64002239
64002240
64002241
64002242
64002243
64002244
64002246
64002247
64002248
64002249
64002250
64002251
64002252
64002253
64002254
64002255
64002256
64002257
64002258
64002259
64002260
64002261
64002262
64002263
64002264
64002265
64002266
64002267
64002268
64002269
64002270
64002271
64002272
64002273
64002274
64002275
64002276
64002277
64002278
64002279
64002280
64002281
64002282
64002283
64002284
64002285
64002286
64002287
64002288
64002289
64002290
64002291
64002292
64002293
64002294
64002295
64002296
64002297
64002298
64002299
64002300
64002301
64002302
64002303
64002304
64002305
64002306
64002307
64002308
64002309
64002310
64002311
64002312
64002313
64002314
64002315
64002316
64002317
64002318
64002319
64002320
64002321
64002322
64002323
64002324
64002325
64002326
64002327
64002328
64002329
64002330
64002331
64002332
64002333
64002334
64002335
64002336
64002337
64002338
64002339
64002340
64002341
64002342
64002343
64002344
64002345
64002346
64002347
64002348
64002349
64002350
64002351
64002352
64002353
64002354
64002355
64002356
64002357
64002358
64002359
64002360
64002361
64002362
64002363
64002364
64002365
64002366
64002367
64002368
64002369
64002370
64002371
64002372
64002373
64002374
64002375
64002376
64002377
64002378
64002379
64002380
64002381
64002382
64002383
64002384
64002385
64002386
64002387
64002388
64002389
64002390
64002391
64002392
64002393
64002394
64002395
64002396
64002397
64002398
64002399
64002400
64002401
64002402
64002403
64002404
64002405
64002406
64002407
64002408
64002409
64002410
64002411
64002412
64002413
64002414
64002415
64002416
64002417
64002418
64002419
64002420
64002421
64002422
64002423
64002424
64002425
64002426
64002427
64002428
64002429
64002430
64002431
64002432
64002433
64002434
64002435
64002436
64002437
64002438
64002439
64002440
64002441
64002442
64002443
64002444
64002445
64002446
64002447
64002448
64002449
64002450
64002451
64002452
64002453
64002454
64002455
64002456
64002457
64002458
64002459
64002460
64002461
64002462
64002463
64002464
64002465
64002466
64002467
64002468
64002469
64002470
64002471
64002472
64002473
64002474
64002475
64002476
64002477
64002478
64002479
64002480
64002481
64002482
64002483
64002484
64002485
64002486
64002487
64002488
64002489
64002490
64002491
64002492
64002493
64002494
64002495
64002496
64002497
64002498
64002499
64002500
64002501
64002502
64002503
64002504
64002505
64002506
64002507
64002508
64002509
64002510
64002511
64002512
64002513
64002514
64002515
64002516
64002517
64002518
64002519
64002520
64002521
64002522
64002523
64002524
64002525
64002526
64002527
64002528
64002529
64002530
64002531
64002532
64002533
64002534
64002535
64002536
64002537
64002538
64002539
64002540
64002541
64002542
64002543
64002544
64002545
64002546
64002547
64002548
64002549
64002550
64002551
64002552
64002553
64002554
64002555
64002556
64002557
64002558
64002559
64002560
64002561
64002562
64002563
64002564
64002565
64002566
64002567
64002568
64002569
64002570
64002571
64002572
64002573
64002574
64002575
64002576
64002577
64002578
64002579
64002580
64002581
64002582
64002583
64002584
64002585
64002586
64002587
64002588
64002589
64002590
64002591
64002592
64002593
64002594
64002595
64002596
64002597
64002598
64002599
64002600
64002601
64002602
64002603
64002604
64002605
64002606
64002607
64002608
64002609
64002610
64002611
64002612
64002613
64002614
64002615
64002616
64002617
64002618
64002619
64002620
64002621
64002622
64002623
64002624
64002625
64002626
64002627
64002628
64002629
64002630
64002631
64002632
64002633
64002634
64002635
64002636
64002637
64002638
64002639
64002640
64002641
64002642
64002643
64002644
64002645
64002646
64002647
64002648
64002649
64002650
64002651
64002652
64002653
64002654
64002655
64002656
64002657
64002658
64002659
64002660
64002661
64002662
64002663
64002664
64002665
64002666
64002667
64002668
64002669
64002670
64002671
64002672
64002673
64002674
64002675
64002676
64002677
64002678
64002679
64002680
64002681
64002682
64002683
64002684
64002685
64002686
64002687
64002688
64002689
64002690
64002691
64002692
64002693
64002694
64002695
64002696
64002697
64002698
64002699
64002700
64002701
64002702
64002703
64002704
64002705
64002706
64002707
64002708
64002709
64002710
64002711
64002712
64002713
64002714
64002715
64002716
64002717
64002718
64002719
64002720
64002721
64002722
64002723
64002724
64002725
64002726
64002727
64002728
64002729
64002730
64002731
64002732
64002733
64002734
64002735
64002736
64002737
64002738
64002739
64002740
64002741
64002742
64002743
64002744
64002745
64002746
64002747
64002748
64002749
64002750
64002751
64002752
64002753
64002754
64002755
64002756
64002757
64002758
64002759
64002760
64002761
64002762
64002763
64002764
64002765
64002766
64002767
64002768
64002769
64002770
64002771
64002772
64002773
64002774
64002775
64002776
64002777
64002778
64002779
64002780
64002781
64002782
64002783
64002784
64002785
64002786
64002787
64002788
64002789
64002790
64002791
64002792
64002793
64002794
64002795
64002796
64002797
64002798
64002799
64002800
64002801
64002802
64002803
64002804
64002805
64002806
64002807
64002808
64002809
64002810
64002811
64002812
64002813
64002814
64002815
64002816
64002817
64002818
64002819
64002820
64002821
64002822
64002823
64002824
64002825
64002826
64002827
64002828
64002829
64002830
64002831
64002832
64002833
64002834
64002835
64002836
64002837
64002838
64002839
64002840
64002841
64002842
64002843
64002844
64002846
64002847
64002848
64002849
64002850
64002851
64002852
64002853
64002854
64002855
64002856
64002857
64002858
64002859
64002860
64002861
64002862
64002863
64002864
64002865
64002866
64002867
64002868
64002869
64002870
64002871
64002872
64002873
64002874
64002875
64002876
64002877
64002878
64002879
64002880
64002881
64002882
64002883
64002884
64002885
64002886
64002887
64002888
64002889
64002890
64002891
64002892
64002893
64002894
64002895
64002896
64002897
64002898
64002899
64002900
64002901
64002902
64002903
64002904
64002905
64002906
64002907
64002908
64002909
64002910
64002911
64002912
64002913
64002914
64002915
64002916
64002917
64002918
64002919
64002920
64002921
64002922
64002923
64002924
64002925
64002926
64002927
64002928
64002929
64002930
64002931
64002932
64002933
64002934
64002935
64002936
64002937
64002938
64002939
64002940
64002941
64002942
64002943
64002944
64002945
64002946
64002947
64002948
64002949
64002950
64002951
64002952
64002953
64002954
64002955
64002956
64002957
64002958
64002959
64002960
64002961
64002962
64002963
64002964
64002965
64002966
64002967
64002968
64002969
64002970
64002971
64002972
64002973
64002974
64002975
64002976
64002977
64002978
64002979
64002980
64002981
64002982
64002983
64002984
64002985
64002986
64002987
64002988
64002989
64002990
64002991
64002992
64002993
64002994
64002995
64002996
64002997
64002998
64002999
64003000
64003001
64003002
64003003
64003004
64003005
64003006
64003007
64003008
64003009
64003010
64003011
64003012
64003013
64003014
64003015
64003016
64003017
64003018
64003019
64003020
64003021
64003022
64003023
64003024
64003025
64003026
64003027
64003028
64003029
64003030
64003031
64003032
64003033
64003034
64003035
64003036
64003037
64003038
64003039
64003040
64003041
64003042
64003043
64003044
64003045
64003046
64003047
64003048
64003049
64003050
64003051
64003052
64003053
64003054
64003055
64003056
64003057
64003058
64003059
64003060
64003061
64003062
64003063
64003064
64003065
64003066
64003067
64003068
64003069
64003070
64003071
64003072
64003073
64003074
64003075
64003076
64003077
64003078
64003079
64003080
64003081
64003082
64003083
64003084
64003085
64003086
64003087
64003088
64003089
64003090
64003091
64003092
64003093
64003094
64003095
64003096
64003097
64003098
64003099
64003100
64003101
64003102
64003103
64003104
64003105
64003106
64003107
64003108
64003109
64003110
64003111
64003112
64003113
64003114
64003115
64003116
64003117
64003118
64003119
64003120
64003121
64003122
64003123
64003124
64003125
64003126
64003127
64003128
64003129
64003130
64003131
64003132
64003133
64003134
64003135
64003136
64003137
64003138
64003139
64003140
64003141
64003142
64003143
64003144
64003145
64003146
64003147
64003148
64003149
64003150
64003151
64003152
64003153
64003154
64003155
64003156
64003157
64003158
64003159
64003160
64003161
64003162
64003163
64003164
64003165
64003166
64003167
64003168
64003169
64003170
64003171
64003172
64003173
64003174
64003175
64003176
64003177
64003178
64003179
64003180
64003181
64003182
64003183
64003184
64003185
64003186
64003187
64003188
64003189
64003190
64003191
64003192
64003193
64003194
64003195
64003196
64003197
64003198
64003199
64003200
64003201
64003202
64003203
64003204
64003205
64003206
64003207
64003208
64003209
64003210
64003211
64003212
64003213
64003214
64003215
64003216
64003217
64003218
64003219
64003220
64003221
64003222
64003223
64003224
64003225
64003226
64003227
64003228
64003229
64003230
64003231
64003232
64003233
64003234
64003235
64003236
64003237
64003238
64003239
64003240
64003241
64003242
64003243
64003244
64003245
64003246
64003247
64003248
64003249
64003250
64003251
64003252
64003253
64003254
64003255
64003256
64003257
64003258
64003259
64003260
64003261
64003262
64003263
64003264
64003265
64003266
64003267
64003268
64003269
64003270
64003271
64003272
64003273
64003274
64003275
64003276
64003277
64003278
64003279
64003280
64003281
64003282
64003283
64003284
64003285
64003286
64003287
64003288
64003289
64003290
64003291
64003292
64003293
64003294
64003295
64003296
64003297
64003298
64003299
64003300
64003301
64003302
64003303
64003304
64003305
64003306
64003307
64003308
64003309
64003310
64003311
64003312
64003313
64003314
64003315
64003316
64003317
64003318
64003319
64003320
64003321
64003322
64003323
64003324
64003325
64003326
64003327
64003328
64003329
64003330
64003331
64003332
64003333
64003334
64003335
64003336
64003337
64003338
64003339
64003340
64003341
64003342
64003343
64003344
64003345
64003346
64003347
64003348
64003349
64003350
64003351
64003352
64003353
64003354
64003355
64003356
64003357
64003358
64003359
64003360
64003361
64003362
64003363
64003364
64003365
64003366
64003367
64003368
64003369
64003370
64003371
64003372
64003373
64003374
64003375
64003376
64003377
64003378
64003379
64003380
64003381
64003382
64003383
64003384
64003385
64003386
64003387
64003388
64003389
64003390
64003391
64003392
64003393
64003394
64003395
64003396
64003397
64003398
64003399
64003400
64003401
64003402
64003403
64003404
64003405
64003406
64003407
64003408
64003409
64003410
64003411
64003412
64003413
64003414
64003415
64003416
64003417
64003418
64003419
64003420
64003421
64003422
64003424
64003425
64003426
64003427
64003428
64003429
64003430
64003431
64003432
64003433
64003434
64003435
64003436
64003437
64003438
64003439
64003440
64003441
64003442
64003443
64003444
64003445
64003446
64003447
64003448
64003449
64003450
64003451
64003452
64003453
64003454
64003455
64003456
64003457
64003458
64003459
64003460
64003461
64003462
64003463
64003464
64003465
64003466
64003467
64003468
64003469
64003470
64003471
64003472
64003473
64003474
64003475
64003476
64003477
64003478
64003479
64003480
64003481
64003482
64003483
64003484
64003485
64003486
64003487
64003488
64003489
64003490
64003491
64003492
64003493
64003494
64003495
64003496
64003497
64003498
64003499
64003500
64003501
64003502
64003503
64003504
64003505
64003506
64003507
64003508
64003509
64003510
64003511
64003512
64003513
64003514
64003515
64003516
64003517
64003518
64003519
64003520
64003521
64003522
64003523
64003524
64003525
64003526
64003527
64003528
64003529
64003530
64003531
64003532
64003533
64003534
64003535
64003536
64003537
64003538
64003539
64003540
64003541
64003542
64003544
64003545
64003546
64003547
64003548
64003549
64003550
64003551
64003552
64003553
64003554
64003555
64003556
64003557
64003558
64003559
64003560
64003561
64003562
64003563
64003564
64003565
64003566
64003567
64003568
64003569
64003570
64003571
64003572
64003573
64003574
64003575
64003576
64003577
64003578
64003579
64003580
64003581
64003582
64003583
64003584
64003585
64003586
64003587
64003588
64003589
64003590
64003591
64003592
64003593
64003594
64003595
64003596
64003597
64003598
64003599
64003600
64003601
64003602
64003603
64003604
64003605
64003606
64003607
64003608
64003609
64003610
64003611
64003612
64003613
64003614
64003615
64003616
64003617
64003618
64003619
64003620
64003621
64003622
64003623
64003624
64003625
64003626
64003627
64003628
64003629
64003630
64003631
64003632
64003633
64003634
64003635
64003636
64003637
64003638
64003639
64003640
64003641
64003642
64003643
64003644
64003645
64003646
64003647
64003648
64003649
64003650
64003651
64003652
64003653
64003654
64003655
64003656
64003657
64003658
64003659
64003660
64003661
64003662
64003663
64003664
64003665
64003666
64003667
64003668
64003669
64003670
64003671
64003672
64003673
64003674
64003675
64003676
64003677
64003678
64003679
64003680
64003681
64003682
64003683
64003684
64003685
64003686
64003687
64003688
64003689
64003690
64003691
64003692
64003693
64003694
64003695
64003696
64003697
64003698
64003699
64003700
64003701
64003702
64003703
64003704
64003705
64003706
64003707
64003708
64003709
64003710
64003711
64003712
64003713
64003714
64003715
64003716
64003717
64003718
64003719
64003720
64003721
64003722
64003723
64003724
64003725
64003726
64003727
64003728
64003729
64003730
64003731
64003732
64003733
64003734
64003735
64003736
64003737
64003738
64003739
64003740
64003741
64003742
64003743
64003744
64003745
64003746
64003747
64003748
64003749
64003750
64003751
64003752
64003753
64003754
64003755
64003756
64003757
64003758
64003759
64003760
64003761
64003762
64003763
64003764
64003765
64003766
64003767
64003768
64003769
64003770
64003771
64003772
64003773
64003774
64003775
64003776
64003777
64003778
64003779
64003780
64003781
64003782
64003783
64003784
64003785
64003786
64003787
64003788
64003789
64003790
64003791
64003792
64003793
64003794
64003795
64003796
64003797
64003798
64003799
64003800
64003801
64003802
64003803
64003804
64003805
64003806
64003807
64003808
64003809
64003810
64003811
64003812
64003813
64003814
64003815
64003816
64003817
64003818
64003819
64003820
64003821
64003822
64003823
64003824
64003825
64003826
64003827
64003828
64003829
64003830
64003831
64003832
64003833
64003834
64003835
64003836
64003837
64003838
64003839
64003840
64003841
64003842
64003843
64003844
64003845
64003846
64003847
64003848
64003849
64003850
64003851
64003852
64003853
64003854
64003855
64003856
64003857
64003858
64003859
64003860
64003861
64003862
64003863
64003864
64003865
64003866
64003867
64003868
64003869
64003870
64003871
64003872
64003873
64003874
64003875
64003876
64003877
64003878
64003879
64003880
64003881
64003882
64003883
64003884
64003885
64003886
64003887
64003888
64003889
64003890
64003891
64003892
64003893
64003894
64003895
64003896
64003897
64003898
64003899
64003900
64003901
64003902
64003903
64003904
64003905
64003906
64003907
64003908
64003909
64003910
64003911
64003912
64003913
64003914
64003915
64003916
64003917
64003918
64003919
64003920
64003921
64003922
64003923
64003924
64003925
64003926
64003927
64003928
64003929
64003930
64003931
64003932
64003933
64003934
64003935
64003936
64003937
64003938
64003939
64003940
64003941
64003942
64003943
64003944
64003945
64003946
64003947
64003948
64003949
64003950
64003951
64003952
64003953
64003954
64003955
64003956
64003957
64003958
64003959
64003960
64003961
64003962
64003963
64003964
64003965
64003966
64003967
64003968
64003969
64003970
64003971
64003972
64003973
64003974
64003975
64003976
64003977
64003978
64003979
64003980
64003981
64003982
64003983
64003984
64003985
64003986
64003987
64003988
64003989
64003990
64003991
64003992
64003993
64003994
64003995
64003996
64003997
64003998
64003999
64004000
64004001
64004002
64004003
64004004
64004005
64004006
64004007
64004008
64004009
64004010
64004011
64004012
64004013
64004014
64004015
64004016
64004017
64004018
64004019
64004020
64004021
64004022
64004023
64004024
64004025
64004026
64004027
64004028
64004029
64004030
64004031
64004032
64004033
64004034
64004035
64004036
64004037
64004038
64004039
64004040
64004041
64004042
64004043
64004044
64004045
64004046
64004048
64004049
64004050
64004051
64004052
64004053
64004054
64004055
64004056
64004057
64004058
64004059
64004060
64004061
64004062
64004063
64004064
64004065
64004066
64004067
64004068
64004069
64004070
64004071
64004072
64004073
64004074
64004075
64004076
64004077
64004078
64004079
64004080
64004081
64004082
64004083
64004084
64004085
64004086
64004087
64004088
64004089
64004090
64004091
64004092
64004093
64004094
64004095
64004096
64004097
64004098
64004099
64004100
64004101
64004102
64004103
64004104
64004105
64004106
64004107
64004108
64004109
64004110
64004111
64004112
64004113
64004114
64004115
64004116
64004117
64004118
64004119
64004120
64004121
64004122
64004123
64004124
64004125
64004126
64004127
64004128
64004129
64004130
64004131
64004132
64004133
64004134
64004135
64004136
64004137
64004138
64004139
64004140
64004141
64004142
64004143
64004144
64004145
64004146
64004147
64004148
64004149
64004150
64004151
64004152
64004153
64004154
64004155
64004156
64004157
64004158
64004159
64004160
64004161
64004162
64004163
64004164
64004165
64004166
64004167
64004168
64004169
64004170
64004171
64004173
64004174
64004175
64004176
64004177
64004178
64004179
64004180
64004181
64004182
64004183
64004184
64004185
64004186
64004187
64004188
64004189
64004190
64004191
64004192
64004193
64004194
64004195
64004196
64004197
64004198
64004199
64004200
64004201
64004202
64004203
64004204
64004205
64004206
64004207
64004208
64004209
64004210
64004211
64004212
64004213
64004214
64004215
64004216
64004217
64004218
64004219
64004220
64004221
64004222
64004223
64004224
64004225
64004226
64004228
64004229
64004230
64004231
64004232
64004233
64004234
64004235
64004236
64004237
64004238
64004239
64004240
64004241
64004242
64004243
64004244
64004245
64004246
64004247
64004248
64004249
64004250
64004251
64004252
64004253
64004254
64004255
64004256
64004257
64004258
64004259
64004260
64004261
64004262
64004263
64004264
64004265
64004266
64004267
64004268
64004269
64004270
64004271
64004272
64004273
64004274
64004275
64004276
64004277
64004278
64004279
64004280
64004281
64004282
64004283
64004284
64004285
64004286
64004287
64004288
64004289
64004290
64004291
64004292
64004293
64004294
64004295
64004296
64004297
64004298
64004299
64004300
64004301
64004302
64004303
64004304
64004305
64004306
64004307
64004308
64004309
64004310
64004311
64004312
64004313
64004314
64004315
64004316
64004317
64004318
64004319
64004320
64004321
64004322
64004323
64004324
64004325
64004326
64004327
64004328
64004329
64004330
64004331
64004332
64004333
64004334
64004335
64004336
64004337
64004338
64004339
64004340
64004341
64004342
64004343
64004344
64004345
64004346
64004347
64004348
64004349
64004350
64004351
64004352
64004353
64004354
64004355
64004356
64004357
64004358
64004359
64004360
64004361
64004362
64004363
64004364
64004365
64004366
64004367
64004368
64004369
64004370
64004371
64004372
64004373
64004374
64004375
64004376
64004377
64004378
64004379
64004380
64004381
64004382
64004383
64004384
64004385
64004386
64004387
64004388
64004389
64004390
64004391
64004392
64004393
64004394
64004395
64004396
64004397
64004398
64004399
64004400
64004401
64004402
64004403
64004404
64004405
64004406
64004407
64004408
64004409
64004410
64004411
64004412
64004413
64004414
64004415
64004416
64004417
64004418
64004419
64004420
64004421
64004422
64004423
64004424
64004425
64004426
64004427
64004428
64004429
64004430
64004431
64004432
64004433
64004434
64004435
64004436
64004437
64004438
64004439
64004440
64004441
64004442
64004443
64004444
64004445
64004446
64004447
64004448
64004449
64004450
64004451
64004452
64004453
64004454
64004455
64004456
64004457
64004458
64004459
64004460
64004461
64004462
64004463
64004464
64004465
64004466
64004467
64004468
64004469
64004470
64004471
64004472
64004473
64004474
64004475
64004476
64004477
64004478
64004479
64004480
64004481
64004482
64004483
64004484
64004485
64004486
64004487
64004488
64004489
64004490
64004491
64004492
64004493
64004494
64004495
64004496
64004497
64004498
64004499
64004500
64004501
64004502
64004503
64004504
64004505
64004506
64004507
64004508
64004509
64004510
64004511
64004512
64004513
64004514
64004515
64004516
64004517
64004518
64004519
64004520
64004521
64004522
64004523
64004524
64004525
64004526
64004527
64004528
64004529
64004530
64004531
64004532
64004533
64004534
64004535
64004536
64004537
64004538
64004539
64004540
64004541
64004542
64004543
64004544
64004545
64004546
64004547
64004548
64004549
64004550
64004551
64004552
64004553
64004554
64004555
64004556
64004557
64004558
64004559
64004560
64004561
64004562
64004563
64004564
64004565
64004566
64004567
64004568
64004569
64004570
64004571
64004572
64004573
64004574
64004575
64004576
64004577
64004578
64004579
64004580
64004581
64004582
64004583
64004584
64004585
64004586
64004587
64004588
64004589
64004590
64004591
64004592
64004593
64004594
64004595
64004596
64004597
64004598
64004599
64004600
64004601
64004602
64004603
64004604
64004605
64004606
64004607
64004608
64004609
64004610
64004611
64004612
64004613
64004614
64004615
64004616
64004617
64004618
64004619
64004620
64004621
64004622
64004623
64004624
64004625
64004626
64004627
64004628
64004629
64004630
64004631
64004632
64004633
64004634
64004635
64004636
64004637
64004638
64004639
64004640
64004641
64004642
64004643
64004644
64004645
64004646
64004647
64004648
64004649
64004650
64004651
64004652
64004653
64004654
64004655
64004656
64004657
64004658
64004659
64004660
64004661
64004662
64004663
64004664
64004665
64004666
64004667
64004668
64004669
64004670
64004671
64004672
64004673
64004674
64004675
64004676
64004677
64004678
64004679
64004680
64004681
64004682
64004683
64004684
64004685
64004686
64004687
64004688
64004689
64004690
64004691
64004692
64004693
64004694
64004695
64004696
64004697
64004698
64004699
64004700
64004701
64004702
64004703
64004704
64004705
64004706
64004707
64004708
64004709
64004710
64004711
64004712
64004713
64004714
64004715
64004716
64004717
64004718
64004719
64004720
64004721
64004722
64004723
64004724
64004725
64004726
64004727
64004728
64004729
64004730
64004731
64004732
64004733
64004734
64004735
64004736
64004737
64004738
64004739
64004740
64004741
64004742
64004743
64004744
64004745
64004746
64004747
64004748
64004749
64004750
64004751
64004752
64004753
64004754
64004755
64004756
64004757
64004758
64004759
64004760
64004761
64004762
64004763
64004764
64004765
64004766
64004767
64004768
64004769
64004770
64004771
64004772
64004773
64004774
64004775
64004776
64004777
64004778
64004779
64004780
64004781
64004782
64004783
64004784
64004785
64004786
64004787
64004788
64004789
64004790
64004791
64004792
64004793
64004794
64004795
64004796
64004797
64004798
64004799
64004800
64004801
64004802
64004803
64004804
64004805
64004806
64004807
64004808
64004809
64004810
64004811
64004812
64004813
64004814
64004815
64004816
64004817
64004818
64004819
64004820
64004821
64004822
64004823
64004824
64004825
64004826
64004827
64004828
64004829
64004830
64004831
64004832
64004833
64004834
64004835
64004836
64004837
64004838
64004839
64004840
64004841
64004842
64004843
64004844
64004845
64004846
64004847
64004848
64004849
64004850
64004851
64004853
64004854
64004855
64004856
64004857
64004858
64004859
64004860
64004861
64004862
64004863
64004864
64004865
64004866
64004868
64004869
64004871
64004872
64004873
64004874
64004875
64004876
64004877
64004878
64004879
64004880
64004881
64004882
64004883
64004884
64004885
64004886
64004887
64004888
64004889
64004890
64004891
64004892
64004893
64004894
64004895
64004896
64004897
64004898
64004899
64004900
64004901
64004902
64004903
64004904
64004905
64004906
64004907
64004908
64004909
64004910
64004911
64004912
64004913
64004914
64004915
64004916
64004917
64004918
64004919
64004920
64004921
64004922
64004923
64004924
64004925
64004926
64004927
64004928
64004929
64004930
64004931
64004932
64004933
64004934
64004935
64004936
64004937
64004938
64004939
64004940
64004941
64004942
64004943
64004944
64004945
64004946
64004947
64004948
64004949
64004950
64004951
64004952
64004953
64004954
64004955
64004956
64004957
64004958
64004959
64004960
64004961
64004962
64004963
64004964
64004965
64004966
64004967
64004968
64004969
64004970
64004971
64004972
64004973
64004974
64004975
64004976
64004977
64004978
64004979
64004980
64004981
64004982
64004983
64004984
64004985
64004986
64004987
64004988
64004989
64004990
64004991
64004992
64004993
64004994
64004995
64004996
64004997
64004998
64004999
64005000
64005001
64005002
64005003
64005004
64005005
64005006
64005007
64005008
64005009
64005010
64005011
64005012
64005013
64005014
64005015
64005016
64005017
64005018
64005019
64005020
64005021
64005022
64005023
64005024
64005025
64005026
64005027
64005028
64005029
64005030
64005031
64005032
64005033
64005034
64005035
64005036
64005037
64005038
64005039
64005040
64005041
64005042
64005043
64005044
64005045
64005046
64005047
64005048
64005049
64005050
64005051
64005052
64005053
64005054
64005055
64005056
64005057
64005059
64005060
64005061
64005062
64005063
64005064
64005065
64005066
64005067
64005068
64005069
64005070
64005071
64005072
64005073
64005074
64005075
64005077
64005078
64005079
64005080
64005081
64005082
64005083
64005084
64005085
64005086
64005087
64005088
64005089
64005090
64005091
64005092
64005093
64005094
64005095
64005096
64005097
64005098
64005099
64005100
64005101
64005102
64005103
64005104
64005105
64005106
64005107
64005108
64005109
64005110
64005111
64005112
64005113
64005114
64005115
64005116
64005117
64005118
64005119
64005120
64005121
64005122
64005123
64005124
64005125
64005126
64005127
64005128
64005129
64005130
64005131
64005132
64005133
64005134
64005135
64005136
64005137
64005138
64005140
64005141
64005142
64005143
64005144
64005145
64005146
64005147
64005148
64005149
64005150
64005151
64005152
64005153
64005154
64005155
64005156
64005157
64005158
64005159
64005160
64005162
64005163
64005164
64005165
64005166
64005167
64005168
64005169
64005170
64005171
64005172
64005173
64005174
64005175
64005176
64005177
64005178
64005179
64005180
64005181
64005182
64005183
64005184
64005185
64005186
64005187
64005188
64005189
64005190
64005191
64005192
64005193
64005194
64005195
64005196
64005197
64005198
64005199
64005200
64005201
64005202
64005203
64005204
64005205
64005206
64005207
64005208
64005209
64005210
64005211
64005212
64005213
64005214
64005215
64005216
64005217
64005218
64005219
64005220
64005221
64005222
64005223
64005224
64005225
64005226
64005227
64005229
64005230
64005231
64005232
64005233
64005234
64005235
64005236
64005237
64005238
64005239
64005240
64005241
64005242
64005243
64005244
64005245
64005246
64005247
64005248
64005249
64005250
64005251
64005252
64005253
64005254
64005255
64005256
64005257
64005258
64005259
64005260
64005261
64005262
64005263
64005264
64005265
64005266
64005267
64005268
64005269
64005270
64005271
64005272
64005273
64005274
64005275
64005276
64005277
64005278
64005279
64005280
64005281
64005282
64005283
64005284
64005285
64005286
64005287
64005288
64005289
64005290
64005291
64005292
64005293
64005294
64005295
64005296
64005297
64005298
64005299
64005300
64005301
64005302
64005303
64005304
64005305
64005306
64005307
64005308
64005309
64005310
64005311
64005312
64005313
64005314
64005315
64005316
64005317
64005318
64005319
64005320
64005321
64005322
64005323
64005324
64005325
64005326
64005327
64005328
64005329
64005330
64005331
64005332
64005333
64005334
64005335
64005336
64005337
64005338
64005339
64005340
64005341
64005342
64005343
64005344
64005345
64005346
64005347
64005348
64005349
64005350
64005351
64005352
64005353
64005354
64005355
64005356
64005357
64005358
64005359
64005360
64005361
64005362
64005363
64005364
64005365
64005366
64005367
64005368
64005369
64005370
64005371
64005372
64005373
64005374
64005375
64005376
64005377
64005378
64005379
64005380
64005381
64005382
64005383
64005384
64005385
64005386
64005387
64005388
64005389
64005390
64005391
64005392
64005393
64005394
64005395
64005396
64005397
64005398
64005399
64005400
64005401
64005402
64005403
64005404
64005405
64005406
64005407
64005408
64005409
64005410
64005411
64005412
64005413
64005414
64005415
64005416
64005417
64005418
64005419
64005420
64005421
64005422
64005423
64005424
64005425
64005426
64005427
64005428
64005429
64005430
64005431
64005432
64005433
64005434
64005435
64005436
64005437
64005438
64005439
64005440
64005441
64005442
64005443
64005444
64005445
64005446
64005447
64005448
64005449
64005450
64005451
64005452
64005453
64005454
64005455
64005456
64005457
64005458
64005459
64005460
64005461
64005462
64005463
64005464
64005465
64005466
64005467
64005468
64005469
64005470
64005471
64005472
64005473
64005474
64005475
64005476
64005477
64005478
64005479
64005480
64005481
64005482
64005483
64005484
64005485
64005486
64005487
64005488
64005489
64005490
64005491
64005492
64005493
64005494
64005495
64005496
64005497
64005498
64005499
64005500
64005501
64005502
64005503
64005504
64005505
64005506
64005507
64005508
64005509
64005510
64005511
64005512
64005513
64005514
64005515
64005516
64005517
64005518
64005519
64005520
64005521
64005522
64005523
64005524
64005525
64005526
64005527
64005528
64005529
64005530
64005531
64005532
64005533
64005534
64005535
64005536
64005537
64005538
64005539
64005540
64005541
64005542
64005543
64005544
64005545
64005546
64005547
64005548
64005549
64005550
64005551
64005552
64005553
64005554
64005555
64005556
64005557
64005558
64005559
64005560
64005561
64005562
64005563
64005564
64005565
64005566
64005567
64005568
64005569
64005570
64005571
64005572
64005573
64005574
64005575
64005576
64005577
64005578
64005579
64005580
64005581
64005582
64005583
64005584
64005585
64005586
64005587
64005588
64005589
64005590
64005591
64005592
64005593
64005594
64005595
64005596
64005597
64005598
64005599
64005600
64005601
64005602
64005603
64005604
64005605
64005606
64005607
64005608
64005609
64005610
64005611
64005612
64005613
64005614
64005615
64005616
64005617
64005618
64005619
64005620
64005621
64005622
64005623
64005624
64005625
64005626
64005627
64005628
64005629
64005630
64005631
64005632
64005633
64005634
64005635
64005636
64005637
64005638
64005639
64005640
64005641
64005642
64005643
64005644
64005645
64005646
64005647
64005648
64005649
64005650
64005651
64005652
64005653
64005654
64005655
64005656
64005657
64005658
64005659
64005660
64005661
64005662
64005663
64005664
64005665
64005666
64005667
64005668
64005669
64005670
64005671
64005672
64005673
64005674
64005675
64005676
64005677
64005678
64005679
64005680
64005681
64005682
64005683
64005684
64005685
64005686
64005687
64005688
64005689
64005690
64005691
64005692
64005693
64005694
64005695
64005696
64005697
64005698
64005699
64005700
64005701
64005702
64005703
64005704
64005705
64005706
64005707
64005708
64005709
64005710
64005711
64005712
64005713
64005714
64005715
64005716
64005717
64005718
64005719
64005720
64005721
64005722
64005723
64005724
64005725
64005726
64005727
64005728
64005729
64005730
64005731
64005732
64005733
64005734
64005735
64005736
64005737
64005738
64005739
64005740
64005741
64005742
64005743
64005744
64005745
64005746
64005747
64005748
64005749
64005750
64005751
64005752
64005753
64005754
64005755
64005756
64005757
64005758
64005759
64005760
64005761
64005762
64005763
64005764
64005765
64005766
64005767
64005768
64005769
64005770
64005771
64005772
64005773
64005774
64005775
64005776
64005777
64005778
64005779
64005780
64005781
64005782
64005783
64005784
64005785
64005786
64005787
64005788
64005789
64005790
64005791
64005792
64005793
64005794
64005795
64005796
64005797
64005798
64005799
64005800
64005801
64005802
64005803
64005804
64005805
64005806
64005807
64005808
64005809
64005810
64005811
64005812
64005813
64005814
64005815
64005816
64005817
64005818
64005819
64005820
64005821
64005822
64005823
64005824
64005825
64005826
64005827
64005828
64005829
64005830
64005831
64005832
64005833
64005834
64005835
64005836
64005837
64005838
64005839
64005840
64005841
64005842
64005843
64005844
64005845
64005846
64005847
64005848
64005849
64005850
64005851
64005852
64005853
64005854
64005855
64005856
64005857
64005858
64005859
64005860
64005861
64005862
64005863
64005864
64005865
64005866
64005867
64005868
64005869
64005870
64005871
64005872
64005873
64005874
64005875
64005876
64005877
64005878
64005879
64005880
64005881
64005882
64005883
64005884
64005885
64005886
64005887
64005888
64005889
64005890
64005891
64005892
64005893
64005894
64005895
64005896
64005897
64005898
64005899
64005900
64005901
64005902
64005903
64005904
64005905
64005906
64005907
64005908
64005909
64005910
64005911
64005912
64005913
64005914
64005915
64005916
64005917
64005918
64005919
64005920
64005921
64005922
64005923
64005924
64005925
64005926
64005927
64005928
64005929
64005930
64005931
64005932
64005933
64005934
64005935
64005936
64005937
64005938
64005939
64005940
64005941
64005942
64005943
64005944
64005945
64005946
64005947
64005948
64005949
64005950
64005951
64005952
64005953
64005954
64005955
64005956
64005957
64005958
64005959
64005960
64005961
64005962
64005963
64005964
64005965
64005966
64005967
64005968
64005969
64005970
64005971
64005972
64005973
64005974
64005975
64005976
64005977
64005978
64005979
64005980
64005981
64005982
64005983
64005984
64005985
64005986
64005987
64005988
64005989
64005990
64005991
64005992
64005993
64005994
64005995
64005996
64005997
64005998
64005999
64006000
64006001
64006002
64006003
64006004
64006005
64006006
64006007
64006008
64006009
64006010
64006011
64006012
64006013
64006014
64006015
64006016
64006017
64006018
64006019
64006020
64006021
64006022
64006023
64006024
64006025
64006026
64006027
64006028
64006029
64006030
64006031
64006032
64006033
64006034
64006035
64006036
64006037
64006038
64006039
64006040
64006041
64006042
64006043
64006044
64006045
64006046
64006047
64006048
64006049
64006050
64006051
64006052
64006053
64006054
64006055
64006056
64006057
64006058
64006059
64006060
64006061
64006062
64006063
64006064
64006065
64006066
64006067
64006068
64006069
64006070
64006071
64006072
64006073
64006074
64006075
64006076
64006077
64006078
64006079
64006080
64006081
64006082
64006083
64006084
64006085
64006086
64006087
64006088
64006089
64006090
64006091
64006092
64006093
64006094
64006095
64006096
64006097
64006098
64006099
64006100
64006101
64006102
64006103
64006104
64006105
64006106
64006107
64006108
64006109
64006110
64006111
64006112
64006113
64006114
64006115
64006116
64006117
64006118
64006119
64006120
64006121
64006122
64006123
64006124
64006125
64006126
64006127
64006128
64006129
64006130
64006131
64006132
64006133
64006134
64006135
64006136
64006137
64006138
64006139
64006140
64006141
64006142
64006143
64006144
64006145
64006146
64006147
64006148
64006149
64006150
64006151
64006152
64006153
64006154
64006155
64006156
64006157
64006158
64006159
64006160
64006161
64006162
64006163
64006164
64006165
64006166
64006167
64006168
64006169
64006170
64006171
64006172
64006173
64006174
64006175
64006176
64006177
64006178
64006179
64006180
64006181
64006182
64006183
64006184
64006185
64006186
64006187
64006188
64006189
64006190
64006191
64006192
64006193
64006194
64006195
64006196
64006197
64006198
64006199
64006200
64006201
64006202
64006203
64006204
64006205
64006206
64006207
64006208
64006209
64006210
64006211
64006212
64006213
64006214
64006215
64006216
64006217
64006218
64006219
64006220
64006221
64006222
64006223
64006224
64006225
64006226
64006227
64006228
64006229
64006230
64006231
64006232
64006233
64006234
64006235
64006236
64006237
64006238
64006239
64006240
64006241
64006242
64006243
64006244
64006245
64006246
64006247
64006248
64006249
64006250
64006251
64006252
64006253
64006254
64006255
64006256
64006257
64006258
64006259
64006260
64006261
64006262
64006263
64006264
64006265
64006266
64006267
64006268
64006269
64006270
64006271
64006272
64006273
64006274
64006275
64006276
64006277
64006278
64006279
64006280
64006281
64006282
64006283
64006284
64006285
64006286
64006287
64006288
64006289
64006290
64006291
64006292
64006293
64006294
64006295
64006296
64006297
64006298
64006299
64006300
64006301
64006302
64006303
64006304
64006305
64006306
64006307
64006308
64006309
64006310
64006311
64006312
64006313
64006314
64006315
64006316
64006317
64006318
64006319
64006320
64006321
64006322
64006323
64006324
64006325
64006326
64006327
64006328
64006329
64006330
64006331
64006332
64006333
64006334
64006335
64006336
64006337
64006338
64006339
64006340
64006341
64006342
64006343
64006344
64006345
64006346
64006347
64006348
64006349
64006350
64006351
64006352
64006353
64006354
64006355
64006356
64006357
64006358
64006359
64006360
64006361
64006362
64006363
64006364
64006365
64006366
64006367
64006368
64006369
64006370
64006371
64006372
64006373
64006374
64006375
64006376
64006377
64006378
64006379
64006380
64006381
64006382
64006383
64006384
64006385
64006386
64006387
64006388
64006389
64006390
64006391
64006392
64006393
64006394
64006395
64006396
64006397
64006398
64006399
64006400
64006401
64006402
64006403
64006404
64006405
64006406
64006407
64006408
64006409
64006410
64006411
64006412
64006413
64006414
64006415
64006416
64006417
64006418
64006419
64006420
64006421
64006423
64006424
64006425
64006426
64006427
64006428
64006429
64006430
64006431
64006432
64006433
64006434
64006435
64006436
64006437
64006438
64006439
64006440
64006441
64006442
64006443
64006444
64006445
64006446
64006447
64006448
64006449
64006450
64006451
64006452
64006453
64006454
64006455
64006456
64006457
64006458
64006459
64006460
64006461
64006462
64006463
64006464
64006465
64006466
64006467
64006469
64006470
64006471
64006472
64006473
64006474
64006475
64006476
64006477
64006478
64006479
64006480
64006481
64006482
64006483
64006484
64006485
64006486
64006487
64006488
64006489
64006490
64006491
64006492
64006493
64006494
64006495
64006496
64006497
64006498
64006499
64006500
64006501
64006502
64006503
64006504
64006505
64006506
64006507
64006508
64006509
64006510
64006511
64006512
64006513
64006514
64006515
64006516
64006517
64006518
64006519
64006520
64006521
64006522
64006523
64006524
64006525
64006526
64006527
64006528
64006531
64006532
64006533
64006534
64006535
64006536
64006537
64006538
64006539
64006540
64006541
64006542
64006543
64006544
64006545
64006546
64006547
64006548
64006549
64006550
64006551
64006552
64006553
64006554
64006555
64006556
64006557
64006558
64006559
64006560
64006561
64006562
64006563
64006564
64006565
64006566
64006567
64006568
64006569
64006570
64006571
64006573
64006574
64006575
64006576
64006577
64006578
64006579
64006580
64006581
64006582
64006583
64006584
64006585
64006586
64006587
64006588
64006589
64006590
64006591
64006592
64006593
64006594
64006595
64006596
64006597
64006598
64006599
64006600
64006601
64006602
64006603
64006604
64006605
64006606
64006607
64006608
64006609
64006610
64006611
64006612
64006613
64006614
64006615
64006616
64006617
64006618
64006619
64006620
64006621
64006622
64006623
64006624
64006625
64006626
64006627
64006628
64006629
64006630
64006631
64006632
64006633
64006634
64006635
64006636
64006637
64006638
64006639
64006640
64006641
64006642
64006643
64006644
64006645
64006646
64006647
64006648
64006649
64006650
64006651
64006652
64006653
64006654
64006655
64006656
64006657
64006658
64006659
64006660
64006661
64006662
64006663
64006664
64006665
64006666
64006667
64006668
64006669
64006670
64006671
64006672
64006673
64006674
64006675
64006676
64006677
64006678
64006679
64006680
64006681
64006682
64006683
64006684
64006685
64006686
64006687
64006688
64006689
64006690
64006691
64006692
64006693
64006694
64006695
64006696
64006697
64006698
64006699
64006700
64006701
64006702
64006703
64006704
64006705
64006706
64006707
64006708
64006709
64006710
64006711
64006712
64006713
64006714
64006715
64006716
64006717
64006718
64006719
64006720
64006721
64006722
64006723
64006724
64006725
64006726
64006727
64006728
64006729
64006730
64006731
64006732
64006733
64006734
64006735
64006736
64006737
64006738
64006739
64006740
64006741
64006742
64006743
64006744
64006745
64006746
64006747
64006748
64006749
64006750
64006751
64006752
64006753
64006754
64006755
64006756
64006757
64006758
64006759
64006760
64006761
64006762
64006763
64006764
64006765
64006766
64006767
64006768
64006769
64006770
64006771
64006772
64006773
64006774
64006775
64006776
64006777
64006778
64006779
64006780
64006781
64006782
64006783
64006784
64006785
64006786
64006787
64006789
64006790
64006791
64006792
64006793
64006794
64006795
64006796
64006797
64006798
64006799
64006800
64006801
64006802
64006803
64006804
64006805
64006806
64006807
64006808
64006809
64006810
64006811
64006812
64006813
64006814
64006815
64006816
64006817
64006818
64006819
64006820
64006821
64006822
64006823
64006824
64006825
64006826
64006827
64006828
64006829
64006830
64006831
64006832
64006833
64006834
64006835
64006836
64006837
64006838
64006839
64006840
64006841
64006842
64006843
64006844
64006845
64006846
64006847
64006848
64006849
64006850
64006851
64006852
64006853
64006854
64006855
64006856
64006857
64006858
64006859
64006860
64006861
64006862
64006863
64006864
64006865
64006866
64006867
64006868
64006869
64006870
64006871
64006872
64006873
64006874
64006875
64006876
64006877
64006878
64006879
64006880
64006881
64006882
64006883
64006884
64006885
64006886
64006887
64006888
64006889
64006890
64006891
64006892
64006893
64006894
64006895
64006896
64006897
64006898
64006899
64006900
64006901
64006902
64006903
64006904
64006905
64006906
64006907
64006908
64006909
64006910
64006911
64006912
64006913
64006914
64006915
64006916
64006917
64006918
64006919
64006920
64006921
64006922
64006923
64006924
64006925
64006926
64006927
64006928
64006929
64006930
64006931
64006932
64006933
64006934
64006935
64006936
64006937